{
 "cells": [
  {
   "cell_type": "code",
   "execution_count": 1,
   "metadata": {
    "collapsed": true
   },
   "outputs": [],
   "source": [
    "import pandas as pd\n",
    "import matplotlib.pyplot as plt\n",
    "import matplotlib.patches as mpatches\n",
    "%matplotlib inline\n",
    "#below to allow for all columns in csv to display\n",
    "pd.set_option('display.expand_frame_repr', False)\n",
    "pd.set_option('display.max_columns', 500)\n",
    "pd.set_option('display.width', 1000)"
   ]
  },
  {
   "cell_type": "markdown",
   "metadata": {},
   "source": [
    "# 1. Data Undestanding"
   ]
  },
  {
   "cell_type": "markdown",
   "metadata": {},
   "source": [
    "## Import Cleaned Data"
   ]
  },
  {
   "cell_type": "code",
   "execution_count": 2,
   "metadata": {
    "collapsed": true
   },
   "outputs": [],
   "source": [
    "df = pd.read_csv('CustomerChurnDataQualitySolutionsImplemented12751005.csv')"
   ]
  },
  {
   "cell_type": "code",
   "execution_count": 3,
   "metadata": {
    "collapsed": true
   },
   "outputs": [],
   "source": [
    "#df"
   ]
  },
  {
   "cell_type": "markdown",
   "metadata": {},
   "source": [
    "## 1.1 Randomly shuffle the rows of your dataset and split the dataset into two datasets: 70% training and 30% test. Keep the test set aside."
   ]
  },
  {
   "cell_type": "code",
   "execution_count": 4,
   "metadata": {
    "collapsed": true
   },
   "outputs": [],
   "source": [
    "df_training=df.sample(frac=.7)"
   ]
  },
  {
   "cell_type": "code",
   "execution_count": 5,
   "metadata": {
    "collapsed": true
   },
   "outputs": [],
   "source": [
    "df_test=df.sample(frac=.3)"
   ]
  },
  {
   "cell_type": "markdown",
   "metadata": {},
   "source": [
    "## Check partitions are correct"
   ]
  },
  {
   "cell_type": "code",
   "execution_count": 6,
   "metadata": {},
   "outputs": [
    {
     "data": {
      "text/plain": [
       "(700, 28)"
      ]
     },
     "execution_count": 6,
     "metadata": {},
     "output_type": "execute_result"
    }
   ],
   "source": [
    "df_training.shape"
   ]
  },
  {
   "cell_type": "code",
   "execution_count": 7,
   "metadata": {},
   "outputs": [
    {
     "data": {
      "text/plain": [
       "(300, 28)"
      ]
     },
     "execution_count": 7,
     "metadata": {},
     "output_type": "execute_result"
    }
   ],
   "source": [
    "df_test.shape"
   ]
  },
  {
   "cell_type": "markdown",
   "metadata": {},
   "source": [
    "# 1.2 Correlations and pairwise interactions"
   ]
  },
  {
   "cell_type": "code",
   "execution_count": 8,
   "metadata": {},
   "outputs": [
    {
     "data": {
      "text/plain": [
       "age                             int64\n",
       "children                         bool\n",
       "income                          int64\n",
       "numHandsets                     int64\n",
       "handsetAge                      int64\n",
       "smartPhone                       bool\n",
       "creditRating                   object\n",
       "homeOwner                        bool\n",
       "creditCard                       bool\n",
       "avgBill                       float64\n",
       "avgMins                       float64\n",
       "avgrecurringCharge            float64\n",
       "avgOverBundleMins             float64\n",
       "avgRoamCalls                  float64\n",
       "callMinutesChangePct          float64\n",
       "billAmountChangePct           float64\n",
       "avgReceivedMins               float64\n",
       "avgOutCalls                   float64\n",
       "avgInCalls                    float64\n",
       "peakOffPeakRatio              float64\n",
       "peakOffPeakRatioChangePct     float64\n",
       "avgDroppedCalls               float64\n",
       "lifeTime                        int64\n",
       "lastMonthCustomerCareCalls    float64\n",
       "numRetentionCalls               int64\n",
       "numRetentionOffersAccepted      int64\n",
       "newFrequentNumbers              int64\n",
       "churn                            bool\n",
       "dtype: object"
      ]
     },
     "execution_count": 8,
     "metadata": {},
     "output_type": "execute_result"
    }
   ],
   "source": [
    "df_training.dtypes"
   ]
  },
  {
   "cell_type": "code",
   "execution_count": 9,
   "metadata": {
    "collapsed": true
   },
   "outputs": [],
   "source": [
    "#Select continuous and categorical features\n",
    "df_training['income'] = df_training['income'].astype('object')\n",
    "continuous_columns = df_training.select_dtypes(include=['int64','float64']).columns\n",
    "categorical_columns = df_training.select_dtypes(include=['bool','object']).columns\n",
    "for column in categorical_columns:\n",
    "    df_training[column] = df_training[column].astype('category')"
   ]
  },
  {
   "cell_type": "code",
   "execution_count": 10,
   "metadata": {},
   "outputs": [
    {
     "data": {
      "text/plain": [
       "Index(['age', 'numHandsets', 'handsetAge', 'avgBill', 'avgMins', 'avgrecurringCharge', 'avgOverBundleMins', 'avgRoamCalls', 'callMinutesChangePct', 'billAmountChangePct', 'avgReceivedMins', 'avgOutCalls', 'avgInCalls', 'peakOffPeakRatio', 'peakOffPeakRatioChangePct', 'avgDroppedCalls', 'lifeTime', 'lastMonthCustomerCareCalls', 'numRetentionCalls', 'numRetentionOffersAccepted', 'newFrequentNumbers'], dtype='object')"
      ]
     },
     "execution_count": 10,
     "metadata": {},
     "output_type": "execute_result"
    }
   ],
   "source": [
    "continuous_columns"
   ]
  },
  {
   "cell_type": "code",
   "execution_count": 11,
   "metadata": {},
   "outputs": [
    {
     "data": {
      "text/html": [
       "<div>\n",
       "<style scoped>\n",
       "    .dataframe tbody tr th:only-of-type {\n",
       "        vertical-align: middle;\n",
       "    }\n",
       "\n",
       "    .dataframe tbody tr th {\n",
       "        vertical-align: top;\n",
       "    }\n",
       "\n",
       "    .dataframe thead th {\n",
       "        text-align: right;\n",
       "    }\n",
       "</style>\n",
       "<table border=\"1\" class=\"dataframe\">\n",
       "  <thead>\n",
       "    <tr style=\"text-align: right;\">\n",
       "      <th></th>\n",
       "      <th>age</th>\n",
       "      <th>numHandsets</th>\n",
       "      <th>handsetAge</th>\n",
       "      <th>avgBill</th>\n",
       "      <th>avgMins</th>\n",
       "      <th>avgrecurringCharge</th>\n",
       "      <th>avgOverBundleMins</th>\n",
       "      <th>avgRoamCalls</th>\n",
       "      <th>callMinutesChangePct</th>\n",
       "      <th>billAmountChangePct</th>\n",
       "      <th>avgReceivedMins</th>\n",
       "      <th>avgOutCalls</th>\n",
       "      <th>avgInCalls</th>\n",
       "      <th>peakOffPeakRatio</th>\n",
       "      <th>peakOffPeakRatioChangePct</th>\n",
       "      <th>avgDroppedCalls</th>\n",
       "      <th>lifeTime</th>\n",
       "      <th>lastMonthCustomerCareCalls</th>\n",
       "      <th>numRetentionCalls</th>\n",
       "      <th>numRetentionOffersAccepted</th>\n",
       "      <th>newFrequentNumbers</th>\n",
       "    </tr>\n",
       "  </thead>\n",
       "  <tbody>\n",
       "    <tr>\n",
       "      <th>age</th>\n",
       "      <td>1.000000</td>\n",
       "      <td>-0.031826</td>\n",
       "      <td>0.055409</td>\n",
       "      <td>-0.049863</td>\n",
       "      <td>-0.099546</td>\n",
       "      <td>-0.086614</td>\n",
       "      <td>-0.014825</td>\n",
       "      <td>0.007102</td>\n",
       "      <td>-0.018893</td>\n",
       "      <td>0.008435</td>\n",
       "      <td>-0.086306</td>\n",
       "      <td>-0.097544</td>\n",
       "      <td>-0.058644</td>\n",
       "      <td>0.059483</td>\n",
       "      <td>-0.001107</td>\n",
       "      <td>-0.045371</td>\n",
       "      <td>0.033603</td>\n",
       "      <td>-0.045532</td>\n",
       "      <td>0.023512</td>\n",
       "      <td>0.035292</td>\n",
       "      <td>-0.003682</td>\n",
       "    </tr>\n",
       "    <tr>\n",
       "      <th>numHandsets</th>\n",
       "      <td>-0.031826</td>\n",
       "      <td>1.000000</td>\n",
       "      <td>-0.332889</td>\n",
       "      <td>0.250042</td>\n",
       "      <td>0.283311</td>\n",
       "      <td>0.219915</td>\n",
       "      <td>0.144897</td>\n",
       "      <td>0.021034</td>\n",
       "      <td>0.012002</td>\n",
       "      <td>-0.014988</td>\n",
       "      <td>0.219437</td>\n",
       "      <td>0.267328</td>\n",
       "      <td>0.263549</td>\n",
       "      <td>0.022002</td>\n",
       "      <td>-0.069649</td>\n",
       "      <td>0.198815</td>\n",
       "      <td>0.342029</td>\n",
       "      <td>0.125814</td>\n",
       "      <td>0.139248</td>\n",
       "      <td>0.105626</td>\n",
       "      <td>0.110433</td>\n",
       "    </tr>\n",
       "    <tr>\n",
       "      <th>handsetAge</th>\n",
       "      <td>0.055409</td>\n",
       "      <td>-0.332889</td>\n",
       "      <td>1.000000</td>\n",
       "      <td>-0.235615</td>\n",
       "      <td>-0.300545</td>\n",
       "      <td>-0.272525</td>\n",
       "      <td>-0.118055</td>\n",
       "      <td>-0.032038</td>\n",
       "      <td>-0.012484</td>\n",
       "      <td>-0.038921</td>\n",
       "      <td>-0.239537</td>\n",
       "      <td>-0.235854</td>\n",
       "      <td>-0.200127</td>\n",
       "      <td>0.115361</td>\n",
       "      <td>0.017217</td>\n",
       "      <td>-0.207074</td>\n",
       "      <td>0.508712</td>\n",
       "      <td>-0.160692</td>\n",
       "      <td>-0.033583</td>\n",
       "      <td>-0.041720</td>\n",
       "      <td>0.028503</td>\n",
       "    </tr>\n",
       "    <tr>\n",
       "      <th>avgBill</th>\n",
       "      <td>-0.049863</td>\n",
       "      <td>0.250042</td>\n",
       "      <td>-0.235615</td>\n",
       "      <td>1.000000</td>\n",
       "      <td>0.739110</td>\n",
       "      <td>0.628102</td>\n",
       "      <td>0.798825</td>\n",
       "      <td>0.271562</td>\n",
       "      <td>0.032280</td>\n",
       "      <td>-0.041174</td>\n",
       "      <td>0.625931</td>\n",
       "      <td>0.496604</td>\n",
       "      <td>0.420513</td>\n",
       "      <td>0.029327</td>\n",
       "      <td>0.008424</td>\n",
       "      <td>0.441503</td>\n",
       "      <td>-0.036884</td>\n",
       "      <td>0.214989</td>\n",
       "      <td>0.045404</td>\n",
       "      <td>0.009708</td>\n",
       "      <td>-0.002851</td>\n",
       "    </tr>\n",
       "    <tr>\n",
       "      <th>avgMins</th>\n",
       "      <td>-0.099546</td>\n",
       "      <td>0.283311</td>\n",
       "      <td>-0.300545</td>\n",
       "      <td>0.739110</td>\n",
       "      <td>1.000000</td>\n",
       "      <td>0.562282</td>\n",
       "      <td>0.634231</td>\n",
       "      <td>0.139881</td>\n",
       "      <td>0.016085</td>\n",
       "      <td>0.020963</td>\n",
       "      <td>0.816160</td>\n",
       "      <td>0.713702</td>\n",
       "      <td>0.595358</td>\n",
       "      <td>-0.102880</td>\n",
       "      <td>-0.001677</td>\n",
       "      <td>0.552012</td>\n",
       "      <td>-0.122577</td>\n",
       "      <td>0.430256</td>\n",
       "      <td>0.021956</td>\n",
       "      <td>0.028520</td>\n",
       "      <td>-0.031689</td>\n",
       "    </tr>\n",
       "    <tr>\n",
       "      <th>avgrecurringCharge</th>\n",
       "      <td>-0.086614</td>\n",
       "      <td>0.219915</td>\n",
       "      <td>-0.272525</td>\n",
       "      <td>0.628102</td>\n",
       "      <td>0.562282</td>\n",
       "      <td>1.000000</td>\n",
       "      <td>0.241498</td>\n",
       "      <td>0.094962</td>\n",
       "      <td>0.041422</td>\n",
       "      <td>0.044910</td>\n",
       "      <td>0.457809</td>\n",
       "      <td>0.410675</td>\n",
       "      <td>0.332208</td>\n",
       "      <td>0.025138</td>\n",
       "      <td>-0.002711</td>\n",
       "      <td>0.304768</td>\n",
       "      <td>-0.075960</td>\n",
       "      <td>0.166599</td>\n",
       "      <td>-0.020200</td>\n",
       "      <td>0.007442</td>\n",
       "      <td>-0.044820</td>\n",
       "    </tr>\n",
       "    <tr>\n",
       "      <th>avgOverBundleMins</th>\n",
       "      <td>-0.014825</td>\n",
       "      <td>0.144897</td>\n",
       "      <td>-0.118055</td>\n",
       "      <td>0.798825</td>\n",
       "      <td>0.634231</td>\n",
       "      <td>0.241498</td>\n",
       "      <td>1.000000</td>\n",
       "      <td>0.137081</td>\n",
       "      <td>0.071224</td>\n",
       "      <td>0.006898</td>\n",
       "      <td>0.564397</td>\n",
       "      <td>0.396638</td>\n",
       "      <td>0.343611</td>\n",
       "      <td>-0.002165</td>\n",
       "      <td>0.031614</td>\n",
       "      <td>0.341665</td>\n",
       "      <td>-0.051218</td>\n",
       "      <td>0.150900</td>\n",
       "      <td>0.018870</td>\n",
       "      <td>-0.002998</td>\n",
       "      <td>0.011917</td>\n",
       "    </tr>\n",
       "    <tr>\n",
       "      <th>avgRoamCalls</th>\n",
       "      <td>0.007102</td>\n",
       "      <td>0.021034</td>\n",
       "      <td>-0.032038</td>\n",
       "      <td>0.271562</td>\n",
       "      <td>0.139881</td>\n",
       "      <td>0.094962</td>\n",
       "      <td>0.137081</td>\n",
       "      <td>1.000000</td>\n",
       "      <td>-0.103282</td>\n",
       "      <td>-0.131338</td>\n",
       "      <td>0.108020</td>\n",
       "      <td>0.060994</td>\n",
       "      <td>-0.008727</td>\n",
       "      <td>0.036653</td>\n",
       "      <td>0.038978</td>\n",
       "      <td>0.061192</td>\n",
       "      <td>0.009783</td>\n",
       "      <td>-0.012285</td>\n",
       "      <td>0.024583</td>\n",
       "      <td>-0.002911</td>\n",
       "      <td>-0.015492</td>\n",
       "    </tr>\n",
       "    <tr>\n",
       "      <th>callMinutesChangePct</th>\n",
       "      <td>-0.018893</td>\n",
       "      <td>0.012002</td>\n",
       "      <td>-0.012484</td>\n",
       "      <td>0.032280</td>\n",
       "      <td>0.016085</td>\n",
       "      <td>0.041422</td>\n",
       "      <td>0.071224</td>\n",
       "      <td>-0.103282</td>\n",
       "      <td>1.000000</td>\n",
       "      <td>0.670368</td>\n",
       "      <td>-0.065212</td>\n",
       "      <td>-0.037141</td>\n",
       "      <td>-0.015742</td>\n",
       "      <td>-0.006580</td>\n",
       "      <td>0.005466</td>\n",
       "      <td>-0.050097</td>\n",
       "      <td>-0.021143</td>\n",
       "      <td>0.032425</td>\n",
       "      <td>-0.050204</td>\n",
       "      <td>-0.028377</td>\n",
       "      <td>0.049874</td>\n",
       "    </tr>\n",
       "    <tr>\n",
       "      <th>billAmountChangePct</th>\n",
       "      <td>0.008435</td>\n",
       "      <td>-0.014988</td>\n",
       "      <td>-0.038921</td>\n",
       "      <td>-0.041174</td>\n",
       "      <td>0.020963</td>\n",
       "      <td>0.044910</td>\n",
       "      <td>0.006898</td>\n",
       "      <td>-0.131338</td>\n",
       "      <td>0.670368</td>\n",
       "      <td>1.000000</td>\n",
       "      <td>-0.017276</td>\n",
       "      <td>-0.038056</td>\n",
       "      <td>-0.009805</td>\n",
       "      <td>-0.009695</td>\n",
       "      <td>0.012987</td>\n",
       "      <td>-0.035828</td>\n",
       "      <td>-0.044235</td>\n",
       "      <td>0.021613</td>\n",
       "      <td>-0.102504</td>\n",
       "      <td>-0.062672</td>\n",
       "      <td>0.052314</td>\n",
       "    </tr>\n",
       "    <tr>\n",
       "      <th>avgReceivedMins</th>\n",
       "      <td>-0.086306</td>\n",
       "      <td>0.219437</td>\n",
       "      <td>-0.239537</td>\n",
       "      <td>0.625931</td>\n",
       "      <td>0.816160</td>\n",
       "      <td>0.457809</td>\n",
       "      <td>0.564397</td>\n",
       "      <td>0.108020</td>\n",
       "      <td>-0.065212</td>\n",
       "      <td>-0.017276</td>\n",
       "      <td>1.000000</td>\n",
       "      <td>0.659446</td>\n",
       "      <td>0.602740</td>\n",
       "      <td>-0.051919</td>\n",
       "      <td>-0.008792</td>\n",
       "      <td>0.446002</td>\n",
       "      <td>-0.092283</td>\n",
       "      <td>0.339359</td>\n",
       "      <td>0.016547</td>\n",
       "      <td>0.019121</td>\n",
       "      <td>-0.045182</td>\n",
       "    </tr>\n",
       "    <tr>\n",
       "      <th>avgOutCalls</th>\n",
       "      <td>-0.097544</td>\n",
       "      <td>0.267328</td>\n",
       "      <td>-0.235854</td>\n",
       "      <td>0.496604</td>\n",
       "      <td>0.713702</td>\n",
       "      <td>0.410675</td>\n",
       "      <td>0.396638</td>\n",
       "      <td>0.060994</td>\n",
       "      <td>-0.037141</td>\n",
       "      <td>-0.038056</td>\n",
       "      <td>0.659446</td>\n",
       "      <td>1.000000</td>\n",
       "      <td>0.797956</td>\n",
       "      <td>-0.085319</td>\n",
       "      <td>-0.002932</td>\n",
       "      <td>0.543794</td>\n",
       "      <td>-0.080775</td>\n",
       "      <td>0.352436</td>\n",
       "      <td>0.021539</td>\n",
       "      <td>0.024314</td>\n",
       "      <td>-0.060199</td>\n",
       "    </tr>\n",
       "    <tr>\n",
       "      <th>avgInCalls</th>\n",
       "      <td>-0.058644</td>\n",
       "      <td>0.263549</td>\n",
       "      <td>-0.200127</td>\n",
       "      <td>0.420513</td>\n",
       "      <td>0.595358</td>\n",
       "      <td>0.332208</td>\n",
       "      <td>0.343611</td>\n",
       "      <td>-0.008727</td>\n",
       "      <td>-0.015742</td>\n",
       "      <td>-0.009805</td>\n",
       "      <td>0.602740</td>\n",
       "      <td>0.797956</td>\n",
       "      <td>1.000000</td>\n",
       "      <td>-0.069462</td>\n",
       "      <td>-0.020164</td>\n",
       "      <td>0.441761</td>\n",
       "      <td>-0.072677</td>\n",
       "      <td>0.289607</td>\n",
       "      <td>0.008679</td>\n",
       "      <td>0.022841</td>\n",
       "      <td>-0.034878</td>\n",
       "    </tr>\n",
       "    <tr>\n",
       "      <th>peakOffPeakRatio</th>\n",
       "      <td>0.059483</td>\n",
       "      <td>0.022002</td>\n",
       "      <td>0.115361</td>\n",
       "      <td>0.029327</td>\n",
       "      <td>-0.102880</td>\n",
       "      <td>0.025138</td>\n",
       "      <td>-0.002165</td>\n",
       "      <td>0.036653</td>\n",
       "      <td>-0.006580</td>\n",
       "      <td>-0.009695</td>\n",
       "      <td>-0.051919</td>\n",
       "      <td>-0.085319</td>\n",
       "      <td>-0.069462</td>\n",
       "      <td>1.000000</td>\n",
       "      <td>0.000693</td>\n",
       "      <td>-0.051181</td>\n",
       "      <td>0.174543</td>\n",
       "      <td>-0.089771</td>\n",
       "      <td>0.019262</td>\n",
       "      <td>0.025482</td>\n",
       "      <td>-0.004225</td>\n",
       "    </tr>\n",
       "    <tr>\n",
       "      <th>peakOffPeakRatioChangePct</th>\n",
       "      <td>-0.001107</td>\n",
       "      <td>-0.069649</td>\n",
       "      <td>0.017217</td>\n",
       "      <td>0.008424</td>\n",
       "      <td>-0.001677</td>\n",
       "      <td>-0.002711</td>\n",
       "      <td>0.031614</td>\n",
       "      <td>0.038978</td>\n",
       "      <td>0.005466</td>\n",
       "      <td>0.012987</td>\n",
       "      <td>-0.008792</td>\n",
       "      <td>-0.002932</td>\n",
       "      <td>-0.020164</td>\n",
       "      <td>0.000693</td>\n",
       "      <td>1.000000</td>\n",
       "      <td>-0.039920</td>\n",
       "      <td>-0.003092</td>\n",
       "      <td>-0.024782</td>\n",
       "      <td>-0.011201</td>\n",
       "      <td>-0.024726</td>\n",
       "      <td>-0.040903</td>\n",
       "    </tr>\n",
       "    <tr>\n",
       "      <th>avgDroppedCalls</th>\n",
       "      <td>-0.045371</td>\n",
       "      <td>0.198815</td>\n",
       "      <td>-0.207074</td>\n",
       "      <td>0.441503</td>\n",
       "      <td>0.552012</td>\n",
       "      <td>0.304768</td>\n",
       "      <td>0.341665</td>\n",
       "      <td>0.061192</td>\n",
       "      <td>-0.050097</td>\n",
       "      <td>-0.035828</td>\n",
       "      <td>0.446002</td>\n",
       "      <td>0.543794</td>\n",
       "      <td>0.441761</td>\n",
       "      <td>-0.051181</td>\n",
       "      <td>-0.039920</td>\n",
       "      <td>1.000000</td>\n",
       "      <td>-0.086436</td>\n",
       "      <td>0.344230</td>\n",
       "      <td>0.048301</td>\n",
       "      <td>0.051621</td>\n",
       "      <td>-0.022423</td>\n",
       "    </tr>\n",
       "    <tr>\n",
       "      <th>lifeTime</th>\n",
       "      <td>0.033603</td>\n",
       "      <td>0.342029</td>\n",
       "      <td>0.508712</td>\n",
       "      <td>-0.036884</td>\n",
       "      <td>-0.122577</td>\n",
       "      <td>-0.075960</td>\n",
       "      <td>-0.051218</td>\n",
       "      <td>0.009783</td>\n",
       "      <td>-0.021143</td>\n",
       "      <td>-0.044235</td>\n",
       "      <td>-0.092283</td>\n",
       "      <td>-0.080775</td>\n",
       "      <td>-0.072677</td>\n",
       "      <td>0.174543</td>\n",
       "      <td>-0.003092</td>\n",
       "      <td>-0.086436</td>\n",
       "      <td>1.000000</td>\n",
       "      <td>-0.128742</td>\n",
       "      <td>0.097485</td>\n",
       "      <td>0.079834</td>\n",
       "      <td>0.071852</td>\n",
       "    </tr>\n",
       "    <tr>\n",
       "      <th>lastMonthCustomerCareCalls</th>\n",
       "      <td>-0.045532</td>\n",
       "      <td>0.125814</td>\n",
       "      <td>-0.160692</td>\n",
       "      <td>0.214989</td>\n",
       "      <td>0.430256</td>\n",
       "      <td>0.166599</td>\n",
       "      <td>0.150900</td>\n",
       "      <td>-0.012285</td>\n",
       "      <td>0.032425</td>\n",
       "      <td>0.021613</td>\n",
       "      <td>0.339359</td>\n",
       "      <td>0.352436</td>\n",
       "      <td>0.289607</td>\n",
       "      <td>-0.089771</td>\n",
       "      <td>-0.024782</td>\n",
       "      <td>0.344230</td>\n",
       "      <td>-0.128742</td>\n",
       "      <td>1.000000</td>\n",
       "      <td>-0.014732</td>\n",
       "      <td>-0.013233</td>\n",
       "      <td>0.015715</td>\n",
       "    </tr>\n",
       "    <tr>\n",
       "      <th>numRetentionCalls</th>\n",
       "      <td>0.023512</td>\n",
       "      <td>0.139248</td>\n",
       "      <td>-0.033583</td>\n",
       "      <td>0.045404</td>\n",
       "      <td>0.021956</td>\n",
       "      <td>-0.020200</td>\n",
       "      <td>0.018870</td>\n",
       "      <td>0.024583</td>\n",
       "      <td>-0.050204</td>\n",
       "      <td>-0.102504</td>\n",
       "      <td>0.016547</td>\n",
       "      <td>0.021539</td>\n",
       "      <td>0.008679</td>\n",
       "      <td>0.019262</td>\n",
       "      <td>-0.011201</td>\n",
       "      <td>0.048301</td>\n",
       "      <td>0.097485</td>\n",
       "      <td>-0.014732</td>\n",
       "      <td>1.000000</td>\n",
       "      <td>0.738468</td>\n",
       "      <td>-0.024821</td>\n",
       "    </tr>\n",
       "    <tr>\n",
       "      <th>numRetentionOffersAccepted</th>\n",
       "      <td>0.035292</td>\n",
       "      <td>0.105626</td>\n",
       "      <td>-0.041720</td>\n",
       "      <td>0.009708</td>\n",
       "      <td>0.028520</td>\n",
       "      <td>0.007442</td>\n",
       "      <td>-0.002998</td>\n",
       "      <td>-0.002911</td>\n",
       "      <td>-0.028377</td>\n",
       "      <td>-0.062672</td>\n",
       "      <td>0.019121</td>\n",
       "      <td>0.024314</td>\n",
       "      <td>0.022841</td>\n",
       "      <td>0.025482</td>\n",
       "      <td>-0.024726</td>\n",
       "      <td>0.051621</td>\n",
       "      <td>0.079834</td>\n",
       "      <td>-0.013233</td>\n",
       "      <td>0.738468</td>\n",
       "      <td>1.000000</td>\n",
       "      <td>-0.027343</td>\n",
       "    </tr>\n",
       "    <tr>\n",
       "      <th>newFrequentNumbers</th>\n",
       "      <td>-0.003682</td>\n",
       "      <td>0.110433</td>\n",
       "      <td>0.028503</td>\n",
       "      <td>-0.002851</td>\n",
       "      <td>-0.031689</td>\n",
       "      <td>-0.044820</td>\n",
       "      <td>0.011917</td>\n",
       "      <td>-0.015492</td>\n",
       "      <td>0.049874</td>\n",
       "      <td>0.052314</td>\n",
       "      <td>-0.045182</td>\n",
       "      <td>-0.060199</td>\n",
       "      <td>-0.034878</td>\n",
       "      <td>-0.004225</td>\n",
       "      <td>-0.040903</td>\n",
       "      <td>-0.022423</td>\n",
       "      <td>0.071852</td>\n",
       "      <td>0.015715</td>\n",
       "      <td>-0.024821</td>\n",
       "      <td>-0.027343</td>\n",
       "      <td>1.000000</td>\n",
       "    </tr>\n",
       "  </tbody>\n",
       "</table>\n",
       "</div>"
      ],
      "text/plain": [
       "                                 age  numHandsets  handsetAge   avgBill   avgMins  avgrecurringCharge  avgOverBundleMins  avgRoamCalls  callMinutesChangePct  billAmountChangePct  avgReceivedMins  avgOutCalls  avgInCalls  peakOffPeakRatio  peakOffPeakRatioChangePct  avgDroppedCalls  lifeTime  lastMonthCustomerCareCalls  numRetentionCalls  numRetentionOffersAccepted  newFrequentNumbers\n",
       "age                         1.000000    -0.031826    0.055409 -0.049863 -0.099546           -0.086614          -0.014825      0.007102             -0.018893             0.008435        -0.086306    -0.097544   -0.058644          0.059483                  -0.001107        -0.045371  0.033603                   -0.045532           0.023512                    0.035292           -0.003682\n",
       "numHandsets                -0.031826     1.000000   -0.332889  0.250042  0.283311            0.219915           0.144897      0.021034              0.012002            -0.014988         0.219437     0.267328    0.263549          0.022002                  -0.069649         0.198815  0.342029                    0.125814           0.139248                    0.105626            0.110433\n",
       "handsetAge                  0.055409    -0.332889    1.000000 -0.235615 -0.300545           -0.272525          -0.118055     -0.032038             -0.012484            -0.038921        -0.239537    -0.235854   -0.200127          0.115361                   0.017217        -0.207074  0.508712                   -0.160692          -0.033583                   -0.041720            0.028503\n",
       "avgBill                    -0.049863     0.250042   -0.235615  1.000000  0.739110            0.628102           0.798825      0.271562              0.032280            -0.041174         0.625931     0.496604    0.420513          0.029327                   0.008424         0.441503 -0.036884                    0.214989           0.045404                    0.009708           -0.002851\n",
       "avgMins                    -0.099546     0.283311   -0.300545  0.739110  1.000000            0.562282           0.634231      0.139881              0.016085             0.020963         0.816160     0.713702    0.595358         -0.102880                  -0.001677         0.552012 -0.122577                    0.430256           0.021956                    0.028520           -0.031689\n",
       "avgrecurringCharge         -0.086614     0.219915   -0.272525  0.628102  0.562282            1.000000           0.241498      0.094962              0.041422             0.044910         0.457809     0.410675    0.332208          0.025138                  -0.002711         0.304768 -0.075960                    0.166599          -0.020200                    0.007442           -0.044820\n",
       "avgOverBundleMins          -0.014825     0.144897   -0.118055  0.798825  0.634231            0.241498           1.000000      0.137081              0.071224             0.006898         0.564397     0.396638    0.343611         -0.002165                   0.031614         0.341665 -0.051218                    0.150900           0.018870                   -0.002998            0.011917\n",
       "avgRoamCalls                0.007102     0.021034   -0.032038  0.271562  0.139881            0.094962           0.137081      1.000000             -0.103282            -0.131338         0.108020     0.060994   -0.008727          0.036653                   0.038978         0.061192  0.009783                   -0.012285           0.024583                   -0.002911           -0.015492\n",
       "callMinutesChangePct       -0.018893     0.012002   -0.012484  0.032280  0.016085            0.041422           0.071224     -0.103282              1.000000             0.670368        -0.065212    -0.037141   -0.015742         -0.006580                   0.005466        -0.050097 -0.021143                    0.032425          -0.050204                   -0.028377            0.049874\n",
       "billAmountChangePct         0.008435    -0.014988   -0.038921 -0.041174  0.020963            0.044910           0.006898     -0.131338              0.670368             1.000000        -0.017276    -0.038056   -0.009805         -0.009695                   0.012987        -0.035828 -0.044235                    0.021613          -0.102504                   -0.062672            0.052314\n",
       "avgReceivedMins            -0.086306     0.219437   -0.239537  0.625931  0.816160            0.457809           0.564397      0.108020             -0.065212            -0.017276         1.000000     0.659446    0.602740         -0.051919                  -0.008792         0.446002 -0.092283                    0.339359           0.016547                    0.019121           -0.045182\n",
       "avgOutCalls                -0.097544     0.267328   -0.235854  0.496604  0.713702            0.410675           0.396638      0.060994             -0.037141            -0.038056         0.659446     1.000000    0.797956         -0.085319                  -0.002932         0.543794 -0.080775                    0.352436           0.021539                    0.024314           -0.060199\n",
       "avgInCalls                 -0.058644     0.263549   -0.200127  0.420513  0.595358            0.332208           0.343611     -0.008727             -0.015742            -0.009805         0.602740     0.797956    1.000000         -0.069462                  -0.020164         0.441761 -0.072677                    0.289607           0.008679                    0.022841           -0.034878\n",
       "peakOffPeakRatio            0.059483     0.022002    0.115361  0.029327 -0.102880            0.025138          -0.002165      0.036653             -0.006580            -0.009695        -0.051919    -0.085319   -0.069462          1.000000                   0.000693        -0.051181  0.174543                   -0.089771           0.019262                    0.025482           -0.004225\n",
       "peakOffPeakRatioChangePct  -0.001107    -0.069649    0.017217  0.008424 -0.001677           -0.002711           0.031614      0.038978              0.005466             0.012987        -0.008792    -0.002932   -0.020164          0.000693                   1.000000        -0.039920 -0.003092                   -0.024782          -0.011201                   -0.024726           -0.040903\n",
       "avgDroppedCalls            -0.045371     0.198815   -0.207074  0.441503  0.552012            0.304768           0.341665      0.061192             -0.050097            -0.035828         0.446002     0.543794    0.441761         -0.051181                  -0.039920         1.000000 -0.086436                    0.344230           0.048301                    0.051621           -0.022423\n",
       "lifeTime                    0.033603     0.342029    0.508712 -0.036884 -0.122577           -0.075960          -0.051218      0.009783             -0.021143            -0.044235        -0.092283    -0.080775   -0.072677          0.174543                  -0.003092        -0.086436  1.000000                   -0.128742           0.097485                    0.079834            0.071852\n",
       "lastMonthCustomerCareCalls -0.045532     0.125814   -0.160692  0.214989  0.430256            0.166599           0.150900     -0.012285              0.032425             0.021613         0.339359     0.352436    0.289607         -0.089771                  -0.024782         0.344230 -0.128742                    1.000000          -0.014732                   -0.013233            0.015715\n",
       "numRetentionCalls           0.023512     0.139248   -0.033583  0.045404  0.021956           -0.020200           0.018870      0.024583             -0.050204            -0.102504         0.016547     0.021539    0.008679          0.019262                  -0.011201         0.048301  0.097485                   -0.014732           1.000000                    0.738468           -0.024821\n",
       "numRetentionOffersAccepted  0.035292     0.105626   -0.041720  0.009708  0.028520            0.007442          -0.002998     -0.002911             -0.028377            -0.062672         0.019121     0.024314    0.022841          0.025482                  -0.024726         0.051621  0.079834                   -0.013233           0.738468                    1.000000           -0.027343\n",
       "newFrequentNumbers         -0.003682     0.110433    0.028503 -0.002851 -0.031689           -0.044820           0.011917     -0.015492              0.049874             0.052314        -0.045182    -0.060199   -0.034878         -0.004225                  -0.040903        -0.022423  0.071852                    0.015715          -0.024821                   -0.027343            1.000000"
      ]
     },
     "execution_count": 11,
     "metadata": {},
     "output_type": "execute_result"
    }
   ],
   "source": [
    "df[continuous_columns].corr()"
   ]
  },
  {
   "cell_type": "markdown",
   "metadata": {},
   "source": [
    "It is clear that some features are correlated with one another.As such it may be a good idea to avoid including correlated features in the model since linear models rely on the assumption that features are independent[1]\n",
    "[1]https://github.com/justmarkham/DAT4/blob/master/notebooks/08_linear_regression.ipynb 'Feature Selection'"
   ]
  },
  {
   "cell_type": "code",
   "execution_count": 12,
   "metadata": {},
   "outputs": [
    {
     "data": {
      "text/html": [
       "<div>\n",
       "<style scoped>\n",
       "    .dataframe tbody tr th:only-of-type {\n",
       "        vertical-align: middle;\n",
       "    }\n",
       "\n",
       "    .dataframe tbody tr th {\n",
       "        vertical-align: top;\n",
       "    }\n",
       "\n",
       "    .dataframe thead th {\n",
       "        text-align: right;\n",
       "    }\n",
       "</style>\n",
       "<table border=\"1\" class=\"dataframe\">\n",
       "  <thead>\n",
       "    <tr style=\"text-align: right;\">\n",
       "      <th></th>\n",
       "      <th>age</th>\n",
       "      <th>children</th>\n",
       "      <th>income</th>\n",
       "      <th>numHandsets</th>\n",
       "      <th>handsetAge</th>\n",
       "      <th>smartPhone</th>\n",
       "      <th>creditRating</th>\n",
       "      <th>homeOwner</th>\n",
       "      <th>creditCard</th>\n",
       "      <th>avgBill</th>\n",
       "      <th>avgMins</th>\n",
       "      <th>avgrecurringCharge</th>\n",
       "      <th>avgOverBundleMins</th>\n",
       "      <th>avgRoamCalls</th>\n",
       "      <th>callMinutesChangePct</th>\n",
       "      <th>billAmountChangePct</th>\n",
       "      <th>avgReceivedMins</th>\n",
       "      <th>avgOutCalls</th>\n",
       "      <th>avgInCalls</th>\n",
       "      <th>peakOffPeakRatio</th>\n",
       "      <th>peakOffPeakRatioChangePct</th>\n",
       "      <th>avgDroppedCalls</th>\n",
       "      <th>lifeTime</th>\n",
       "      <th>lastMonthCustomerCareCalls</th>\n",
       "      <th>numRetentionCalls</th>\n",
       "      <th>numRetentionOffersAccepted</th>\n",
       "      <th>newFrequentNumbers</th>\n",
       "      <th>churn</th>\n",
       "    </tr>\n",
       "  </thead>\n",
       "  <tbody>\n",
       "    <tr>\n",
       "      <th>533</th>\n",
       "      <td>34</td>\n",
       "      <td>False</td>\n",
       "      <td>0</td>\n",
       "      <td>2</td>\n",
       "      <td>614</td>\n",
       "      <td>True</td>\n",
       "      <td>B</td>\n",
       "      <td>True</td>\n",
       "      <td>False</td>\n",
       "      <td>31.37</td>\n",
       "      <td>145.00</td>\n",
       "      <td>39.99</td>\n",
       "      <td>0.25</td>\n",
       "      <td>0.29</td>\n",
       "      <td>2.560</td>\n",
       "      <td>0.0234</td>\n",
       "      <td>6.43</td>\n",
       "      <td>2.00</td>\n",
       "      <td>0.00</td>\n",
       "      <td>1.119286</td>\n",
       "      <td>2.529044</td>\n",
       "      <td>0.67</td>\n",
       "      <td>25</td>\n",
       "      <td>0.00</td>\n",
       "      <td>0</td>\n",
       "      <td>0</td>\n",
       "      <td>0</td>\n",
       "      <td>True</td>\n",
       "    </tr>\n",
       "    <tr>\n",
       "      <th>259</th>\n",
       "      <td>34</td>\n",
       "      <td>False</td>\n",
       "      <td>0</td>\n",
       "      <td>2</td>\n",
       "      <td>191</td>\n",
       "      <td>True</td>\n",
       "      <td>E</td>\n",
       "      <td>True</td>\n",
       "      <td>False</td>\n",
       "      <td>66.70</td>\n",
       "      <td>1270.25</td>\n",
       "      <td>69.99</td>\n",
       "      <td>26.75</td>\n",
       "      <td>5.12</td>\n",
       "      <td>0.835</td>\n",
       "      <td>0.7460</td>\n",
       "      <td>420.38</td>\n",
       "      <td>60.00</td>\n",
       "      <td>6.67</td>\n",
       "      <td>0.753344</td>\n",
       "      <td>4.051410</td>\n",
       "      <td>42.00</td>\n",
       "      <td>7</td>\n",
       "      <td>9.67</td>\n",
       "      <td>0</td>\n",
       "      <td>0</td>\n",
       "      <td>0</td>\n",
       "      <td>False</td>\n",
       "    </tr>\n",
       "    <tr>\n",
       "      <th>605</th>\n",
       "      <td>34</td>\n",
       "      <td>False</td>\n",
       "      <td>9</td>\n",
       "      <td>1</td>\n",
       "      <td>389</td>\n",
       "      <td>True</td>\n",
       "      <td>B</td>\n",
       "      <td>False</td>\n",
       "      <td>True</td>\n",
       "      <td>30.74</td>\n",
       "      <td>66.50</td>\n",
       "      <td>39.99</td>\n",
       "      <td>0.00</td>\n",
       "      <td>0.00</td>\n",
       "      <td>-1.150</td>\n",
       "      <td>-0.0330</td>\n",
       "      <td>7.24</td>\n",
       "      <td>6.33</td>\n",
       "      <td>0.33</td>\n",
       "      <td>2.481393</td>\n",
       "      <td>18.792226</td>\n",
       "      <td>3.67</td>\n",
       "      <td>13</td>\n",
       "      <td>0.00</td>\n",
       "      <td>0</td>\n",
       "      <td>0</td>\n",
       "      <td>0</td>\n",
       "      <td>True</td>\n",
       "    </tr>\n",
       "    <tr>\n",
       "      <th>99</th>\n",
       "      <td>36</td>\n",
       "      <td>True</td>\n",
       "      <td>6</td>\n",
       "      <td>1</td>\n",
       "      <td>806</td>\n",
       "      <td>True</td>\n",
       "      <td>A</td>\n",
       "      <td>False</td>\n",
       "      <td>True</td>\n",
       "      <td>10.18</td>\n",
       "      <td>45.00</td>\n",
       "      <td>10.00</td>\n",
       "      <td>0.50</td>\n",
       "      <td>0.00</td>\n",
       "      <td>0.020</td>\n",
       "      <td>-0.0036</td>\n",
       "      <td>1.68</td>\n",
       "      <td>0.67</td>\n",
       "      <td>2.00</td>\n",
